6.49 0.0
6.5 0.0
6.51 0.0
6.52 0.0
6.53 0.0
6.54 0.0
6.55 0.0
6.56 0.0
6.57 0.0
6.58 0.0
6.59 0.0
6.6 0.0
6.61 0.0
6.62 0.0
6.63 0.0
6.64 0.0
6.65 0.0
6.66 0.0
6.67 0.0
6.68 0.0
6.69 0.0
6.7 0.0
6.71 0.0
6.72 0.0
6.73 0.0
6.74 0.0
6.75 0.0
6.76 0.0
6.77 0.0
6.78 0.0
6.79 0.0
6.8 0.0
6.81 0.0
6.82 0.0
6.83 0.0
6.84 0.0
6.85 0.0
6.86 0.0
6.87 0.0
6.88 0.0
6.89 0.0
6.9 0.0
6.91 0.0
6.92 0.0
6.93 0.0
6.94 0.0
6.95 0.0
6.96 0.0
6.97 0.0
6.98 0.0
6.99 0.0
7.0 0.0
7.01 0.0
7.02 0.0
7.03 0.0
7.04 0.0
7.05 0.0
7.06 0.0
7.07 0.0
7.08 0.0
7.09 0.0
7.1 0.0
7.11 0.0
7.12 0.0
7.13 0.0
7.14 0.0
7.15 -0.44
7.16 0.0
7.17 0.0
7.18 0.0
7.19 0.0
7.2 0.0
7.21 0.0
7.22 0.0
7.23 0.0
7.24 0.0
7.25 0.0
7.26 0.0
7.27 0.0
7.28 0.0
7.29 0.0
7.3 0.0
7.31 0.0
7.32 0.0
7.33 0.0
7.34 0.0
7.35 0.0
7.36 0.44
7.37 0.0
7.38 0.0
7.39 0.0
7.4 0.0
7.41 0.0
7.42 -0.44
7.43 0.0
7.44 0.0
7.45 0.0
7.46 0.0
7.47 0.0
7.48 0.0
7.49 0.0
7.5 0.0
7.51 0.0
7.52 0.0
7.53 0.0
7.54 0.0
7.55 0.0
7.56 0.0
7.57 0.0
7.58 0.0
7.59 0.0
7.6 0.0
7.61 0.0
7.62 0.0
7.63 0.0
7.64 0.0
7.65 0.0
7.66 0.0
7.67 0.0
7.68 0.0
7.69 0.0
7.7 0.0
7.71 0.0
7.72 0.0
7.73 0.0
7.74 0.0
7.75 0.0
7.76 0.0
7.77 0.0
7.78 0.0
7.79 0.0
7.8 0.0
7.81 0.0
7.82 0.0
7.83 0.0
7.84 0.0
7.85 0.0
7.86 -0.44
7.87 0.0
7.88 0.0
7.89 0.0
7.9 0.0
7.91 0.0
7.92 0.0
7.93 0.0
7.94 0.0
7.95 0.0
7.96 0.0
7.97 0.0
7.98 0.0
7.99 0.0
8.0 0.0
8.01 0.0
8.02 0.0
8.03 0.0
8.04 0.0
8.05 0.0
8.06 0.0
8.07 0.0
8.08 0.0
8.09 0.0
8.1 0.0
8.11 0.0
8.12 0.0
8.13 -0.44
8.14 0.0
8.15 0.0
8.16 0.0
8.17 0.0
8.18 0.0
8.19 0.0
8.2 0.0
8.21 0.0
8.22 0.0
8.23 0.0
8.24 0.0
8.25 0.0
8.26 0.0
8.27 0.0
8.28 0.0
8.29 0.0
8.3 0.0
8.31 0.0
8.32 0.0
8.33 0.0
8.34 0.0
8.35 0.0
8.36 0.0
8.37 0.0
8.38 0.0
8.39 0.0
8.4 0.0
8.41 0.0
8.42 0.0
8.43 0.0
8.44 0.0
8.45 0.0
8.46 0.0
8.47 0.0
8.48 0.0
8.49 0.0
8.5 0.0
8.51 0.0
8.52 0.0
8.53 0.0
8.54 0.0
8.55 0.0
8.56 0.0
8.57 0.0
8.58 0.0
8.59 0.0
8.6 0.0
8.61 0.0
8.62 0.0
8.63 0.0
8.64 0.0
8.65 0.0
8.66 0.0
8.67 0.0
8.68 0.0
8.69 0.0
8.7 0.0
8.71 0.0
8.72 0.0
8.73 0.0
8.74 0.0
8.75 0.0
8.76 0.0
8.77 0.0
8.78 0.0
8.79 0.0
8.8 0.0
8.81 0.0
8.82 0.0
8.83 0.0
8.84 0.0
8.85 0.0
8.86 0.0
8.87 0.0
8.88 0.0
8.89 0.0
8.9 0.0
8.91 0.0
8.92 0.0
8.93 0.0
8.94 0.0
8.95 0.0
8.96 0.0
8.97 0.0
8.98 0.0
8.99 0.0
9.0 0.0
9.01 0.0
9.02 0.0
9.03 0.0
9.04 0.0
9.05 0.0
9.06 0.0
9.07 0.0
9.08 0.0
9.09 0.0
9.1 0.0
9.11 0.0
9.12 0.0
9.13 0.0
9.14 0.0
9.15 0.0
9.16 0.0
9.17 0.0
9.18 0.0
9.19 0.0
9.2 0.0
9.21 0.0
9.22 0.0
9.23 0.0
9.24 0.0
9.25 0.0
9.26 0.0
9.27 0.0
9.28 0.0
9.29 0.0
9.3 0.0
9.31 0.0
9.32 0.0
9.33 0.0
9.34 0.0
9.35 0.0
9.36 0.0
9.37 0.0
9.38 0.0
9.39 0.0
9.4 0.0
9.41 0.0
9.42 0.0
9.43 0.0
9.44 0.0
9.45 0.0
9.46 0.0
9.47 0.0
9.48 0.0
9.49 0.0
9.5 0.0
9.51 0.0
9.52 0.0
9.53 0.0
9.54 0.0
9.55 0.0
9.56 0.0
9.57 0.0
9.58 0.0
9.59 0.0
9.6 0.0
9.61 0.0
9.62 0.0
9.63 0.0
9.64 0.87
9.65 0.87
9.66 1.75
9.67 1.31
9.68 1.75
9.69 0.87
9.7 0.87
9.71 0.87
9.72 0.44
9.73 0.87
9.74 0.87
9.75 0.87
9.76 0.87
9.77 1.31
9.78 0.87
9.79 1.31
9.8 1.31
9.81 0.87
9.82 1.31
9.83 0.87
9.84 1.31
9.85 1.31
9.86 1.75
9.87 2.18
9.88 2.18
9.89 2.18
9.9 2.18
9.91 2.18
9.92 2.18
9.93 2.18
9.94 1.75
9.95 1.75
9.96 1.31
9.97 0.87
9.98 0.44
9.99 0.87
10.0 0.87
10.01 1.75
10.02 2.18
10.03 1.75
10.04 2.18
10.05 1.75
10.06 2.18
10.07 2.18
10.08 2.18
10.09 2.18
10.1 2.18
10.11 2.62
10.12 2.18
10.13 2.62
10.14 2.62
10.15 2.18
10.16 2.62
10.17 3.05
10.18 2.62
10.19 3.05
10.2 3.49
10.21 3.05
10.22 3.49
10.23 3.05
10.24 3.49
10.25 3.05
10.26 3.05
10.27 2.62
10.28 3.05
10.29 2.62
10.3 2.62
10.31 2.62
10.32 2.18
10.33 2.18
10.34 2.18
10.35 2.18
10.36 1.31
10.37 1.75
10.38 0.87
10.39 0.87
10.4 0.44
10.41 0.44
10.42 0.44
10.43 0.44
10.44 0.44
10.45 0.87
10.46 0.44
10.47 0.44
10.48 0.0
10.49 0.0
10.5 0.0
10.51 0.0
10.52 0.0
10.53 -0.44
10.54 0.0
10.55 -0.44
10.56 0.0
10.57 0.0
10.58 -0.44
10.59 0.0
10.6 -0.44
10.61 0.0
10.62 -0.44
10.63 0.0
10.64 -0.44
10.65 0.0
10.66 0.0
10.67 -0.44
10.68 -0.44
10.69 0.0
10.7 -0.44
10.71 -0.44
10.72 -0.44
10.73 -0.44
10.74 0.0
10.75 -0.44
10.76 -0.44
10.77 0.0
10.78 -0.44
10.79 -0.44
10.8 0.0
10.81 -0.87
10.82 -0.44
10.83 -0.44
10.84 -0.44
10.85 0.0
10.86 -0.44
10.87 0.0
10.88 -0.44
10.89 0.0
10.9 -0.44
10.91 0.0
10.92 0.0
10.93 0.0
10.94 -0.44
10.95 0.0
10.96 0.0
10.97 0.0
10.98 0.0
10.99 0.0
11.0 0.0
11.01 0.0
11.02 0.0
11.03 0.0
11.04 0.0
11.05 0.0
11.06 0.0
11.07 0.0
11.08 0.0
11.09 0.44
11.1 0.0
11.11 0.0
11.12 0.0
11.13 0.0
11.14 0.0
11.15 0.0
11.16 0.0
11.17 0.44
11.18 0.0
11.19 0.0
11.2 0.0
11.21 0.0
11.22 0.0
11.23 0.0
11.24 0.0
11.25 0.0
11.26 0.0
11.27 0.0
11.28 0.0
11.29 0.0
11.3 -0.44
11.31 0.0
11.32 0.0
11.33 0.44
11.34 0.0
11.35 0.0
11.36 0.0
11.37 0.0
11.38 0.44
11.39 0.0
11.4 0.0
11.41 0.0
11.42 0.0
11.43 0.0
11.44 0.0
11.45 0.0
11.46 0.0
11.47 0.0
11.48 0.0
11.49 0.0
11.5 0.0
11.51 0.0
11.52 0.0
11.53 0.0
11.54 0.0
11.55 -0.44
11.56 0.0
11.57 0.0
11.58 0.0
11.59 0.0
11.6 0.0
11.61 0.0
11.62 -0.44
11.63 0.0
11.64 0.0
11.65 0.0
11.66 0.0
11.67 0.0
11.68 0.0
11.69 0.0
11.7 0.0
11.71 0.44
11.72 0.0
11.73 0.0
11.74 0.0
11.75 0.0
11.76 0.0
11.77 -0.44
11.78 0.0
11.79 0.0
11.8 0.0
11.81 0.0
11.82 0.0
11.83 0.44
11.84 0.0
11.85 0.44
11.86 0.87
11.87 0.44
11.88 0.87
11.89 0.44
11.9 0.0
11.91 -0.44
11.92 0.0
11.93 0.0
11.94 0.0
11.95 0.0
11.96 0.44
11.97 0.0
11.98 0.0
11.99 -0.44
12.0 0.0
12.01 0.0
12.02 0.0
12.03 -0.44
12.04 0.0
12.05 0.0
12.06 0.0
12.07 0.0
12.08 -0.44
12.09 0.0
12.1 0.0
12.11 0.0
12.12 0.0
12.13 -0.44
12.14 0.0
12.15 0.0
12.16 0.0
12.17 -0.44
12.18 0.0
12.19 0.0
12.2 0.0
12.21 0.0
12.22 0.0
12.23 0.0
12.24 -0.44
12.25 0.0
12.26 0.0
12.27 0.0
12.28 0.0
12.29 0.0
12.3 0.0
12.31 0.0
12.32 0.0
12.33 0.0
12.34 -0.44
12.35 0.0
12.36 0.0
12.37 0.0
12.38 0.0
12.39 0.0
12.4 -0.44
12.41 0.0
12.42 0.0
12.43 -0.44
12.44 0.0
12.45 0.0
12.46 -0.44
12.47 0.0
12.48 0.0
12.49 0.0
12.5 -0.44
12.51 0.0
12.52 0.0
12.53 0.0
12.54 -0.44
12.55 0.0
12.56 0.0
12.57 0.0
12.58 0.0
12.59 0.0
12.6 0.0
12.61 0.0
12.62 -0.44
12.63 0.0
12.64 0.0
12.65 0.0
12.66 0.0
12.67 0.0
12.68 0.0
12.69 0.0
12.7 0.0
12.71 0.0
12.72 0.0
12.73 0.0
12.74 0.0
12.75 0.0
12.76 0.0
12.77 0.0
12.78 0.0
12.79 0.0
12.8 0.0
12.81 0.0
12.82 -0.44
12.83 0.0
12.84 0.0
12.85 0.0
12.86 0.0
12.87 0.0
12.88 0.0
12.89 -0.44
12.9 0.0
12.91 0.0
12.92 0.0
12.93 0.0
12.94 0.0
12.95 0.0
12.96 0.0
12.97 0.0
12.98 0.0
12.99 0.0
13.0 -0.44
13.01 0.0
13.02 0.0
13.03 0.0
13.04 0.0
13.05 0.0
13.06 0.0
13.07 0.0
13.08 0.0
13.09 0.0
13.1 0.0
13.11 0.44
13.12 0.0
13.13 0.0
13.14 0.0
13.15 0.0
13.16 0.44
13.17 0.0
13.18 0.0
13.19 0.0
13.2 0.0
13.21 0.0
13.22 0.0
13.23 0.0
13.24 0.0
13.25 0.0
13.26 0.0
13.27 0.0
13.28 0.0
13.29 0.0
13.3 0.0
13.31 0.0
13.32 0.0
13.33 0.0
13.34 0.0
13.35 0.0
13.36 0.0
13.37 0.0
13.38 0.44
13.39 0.0
13.4 0.0
13.41 0.0
13.42 0.0
13.43 0.0
13.44 0.0
13.45 0.0
13.46 0.0
13.47 0.0
13.48 0.0
13.49 0.0
13.5 0.0
13.51 0.0
13.52 -0.44
13.53 0.0
13.54 0.0
13.55 0.0
13.56 0.0
13.57 0.0
13.58 0.0
13.59 0.0
13.6 0.0
13.61 0.0
13.62 0.0
13.63 0.0
13.64 -0.44
13.65 0.0
13.66 0.0
13.67 0.0
13.68 0.44
13.69 0.0
13.7 0.87
13.71 1.75
13.72 2.62
13.73 3.93
13.74 7.85
13.75 12.22
13.76 15.71
13.77 27.93
13.78 37.09
13.79 37.52
13.8 37.52
13.81 37.52
13.82 37.52
13.83 37.09
13.84 37.09
13.85 36.65
13.86 36.65
13.87 36.65
13.88 36.22
13.89 36.65
13.9 36.65
13.91 36.22
13.92 36.22
13.93 36.22
13.94 36.22
13.95 35.78
13.96 35.78
13.97 35.78
13.98 35.34
13.99 35.34
14.0 35.78
14.01 35.34
14.02 35.78
14.03 35.34
14.04 35.34
14.05 34.91
14.06 35.34
14.07 34.91
14.08 34.91
14.09 34.91
14.1 34.91
14.11 34.47
14.12 34.47
14.13 34.91
14.14 34.47
14.15 34.47
14.16 34.47
14.17 34.47
14.18 34.03
14.19 34.03
14.2 34.03
14.21 33.6
14.22 34.03
14.23 34.03
14.24 33.6
14.25 33.6
14.26 33.6
14.27 33.6
14.28 33.6
14.29 33.16
14.3 33.6
14.31 33.16
14.32 33.16
14.33 33.16
14.34 33.6
14.35 33.16
14.36 32.72
14.37 33.16
14.38 33.16
14.39 32.72
14.4 32.72
14.41 32.72
14.42 32.72
14.43 32.29
14.44 32.72
14.45 32.29
14.46 32.29
14.47 32.29
14.48 32.29
14.49 31.85
14.5 31.85
14.51 32.29
14.52 31.85
14.53 32.29
14.54 31.85
14.55 31.85
14.56 31.85
14.57 31.42
14.58 31.85
14.59 31.85
14.6 31.42
14.61 31.42
14.62 31.42
14.63 31.42
14.64 30.98
14.65 31.42
14.66 30.98
14.67 30.98
14.68 30.98
14.69 30.98
14.7 30.98
14.71 30.98
14.72 30.98
14.73 30.98
14.74 30.54
14.75 30.98
14.76 30.54
14.77 30.54
14.78 30.54
14.79 30.54
14.8 30.11
14.81 30.54
14.82 30.11
14.83 30.11
14.84 30.11
14.85 30.11
14.86 29.67
14.87 30.11
14.88 29.67
14.89 30.11
14.9 29.67
14.91 29.67
14.92 30.11
14.93 29.67
14.94 29.67
14.95 29.67
14.96 29.23
14.97 29.67
14.98 29.23
14.99 29.23
15.0 29.23
15.01 29.23
15.02 29.23
15.03 28.8
15.04 29.23
15.05 28.8
15.06 28.8
15.07 28.8
15.08 28.8
15.09 28.8
15.1 28.36
15.11 28.8
15.12 28.36
15.13 28.8
15.14 28.36
15.15 28.8
15.16 28.36
15.17 28.36
15.18 28.36
15.19 28.36
15.2 28.36
15.21 27.93
15.22 28.36
15.23 27.93
15.24 27.93
15.25 27.49
15.26 27.93
15.27 27.49
15.28 27.49
15.29 27.93
15.3 27.49
15.31 27.05
15.32 27.49
15.33 27.49
15.34 27.49
15.35 27.05
15.36 27.49
15.37 27.05
15.38 27.49
15.39 27.05
15.4 27.05
15.41 27.05
15.42 27.05
15.43 27.05
15.44 27.05
15.45 26.62
15.46 26.62
15.47 27.05
15.48 26.18
15.49 26.62
15.5 26.62
15.51 26.62
15.52 26.18
15.53 26.18
15.54 26.62
15.55 26.18
15.56 26.18
15.57 26.18
15.58 26.18
15.59 26.18
15.6 26.18
15.61 25.74
15.62 26.18
15.63 26.18
15.64 25.74
15.65 26.18
15.66 25.74
15.67 25.74
15.68 25.74
15.69 25.74
15.7 25.31
15.71 25.74
15.72 25.31
15.73 25.31
15.74 25.31
15.75 25.31
15.76 25.31
15.77 25.31
15.78 24.87
15.79 25.31
15.8 24.87
15.81 24.87
15.82 25.31
15.83 24.87
15.84 24.87
15.85 24.87
15.86 24.87
15.87 24.87
15.88 24.87
15.89 24.87
15.9 24.43
15.91 24.87
15.92 24.43
15.93 24.43
15.94 24.43
15.95 24.43
15.96 24.43
15.97 24.0
15.98 24.43
15.99 24.0
16.0 24.0
16.01 24.0
16.02 24.0
16.03 24.0
16.04 24.0
16.05 24.0
16.06 23.56
16.07 24.0
16.08 23.56
16.09 24.0
16.1 23.56
16.11 23.56
16.12 24.0
16.13 23.56
16.14 23.56
16.15 23.56
16.16 23.56
16.17 23.56
16.18 23.13
16.19 23.56
16.2 23.13
16.21 23.13
16.22 23.13
16.23 23.13
16.24 23.13
16.25 23.13
16.26 22.69
16.27 22.69
16.28 23.13
16.29 22.69
16.3 22.69
16.31 22.69
16.32 22.69
16.33 22.25
16.34 22.25
16.35 22.69
16.36 22.69
16.37 22.25
16.38 22.69
16.39 22.25
16.4 22.69
16.41 22.25
16.42 22.25
16.43 22.69
16.44 22.25
16.45 22.25
16.46 21.82
16.47 22.25
16.48 21.82
16.49 22.25
16.5 21.82
16.51 21.82
16.52 21.82
16.53 21.38
16.54 21.38
16.55 21.82
16.56 21.38
16.57 21.38
16.58 21.38
16.59 21.82
16.6 21.38
16.61 21.38
16.62 20.94
16.63 21.38
16.64 21.38
16.65 21.38
16.66 21.38
16.67 20.94
16.68 21.38
16.69 20.94
16.7 21.38
16.71 20.94
16.72 20.94
16.73 21.38
16.74 20.94
16.75 20.51
16.76 20.94
16.77 20.94
16.78 20.51
16.79 20.51
16.8 20.94
16.81 20.51
16.82 20.51
16.83 20.07
16.84 20.51
16.85 20.51
16.86 20.07
16.87 20.07
16.88 20.51
16.89 20.07
16.9 20.07
16.91 20.07
16.92 20.07
16.93 20.07
16.94 19.63
16.95 20.07
16.96 20.07
16.97 20.07
16.98 20.07
16.99 20.07
17.0 19.63
17.01 20.07
17.02 19.63
17.03 20.07
17.04 19.63
17.05 19.63
17.06 19.63
17.07 19.63
17.08 19.2
17.09 19.2
17.1 19.63
17.11 19.2
17.12 19.2
17.13 19.2
17.14 19.2
17.15 19.2
17.16 18.76
17.17 19.2
17.18 18.76
17.19 18.76
17.2 18.76
17.21 18.76
17.22 18.76
17.23 18.76
17.24 18.76
17.25 18.76
17.26 18.76
17.27 18.33
17.28 18.33
17.29 18.76
17.3 18.76
17.31 18.33
17.32 18.76
17.33 18.33
17.34 18.76
17.35 18.33
17.36 18.33
17.37 18.76
17.38 18.33
17.39 18.33
17.4 17.89
17.41 18.33
17.42 18.33
17.43 17.89
17.44 17.89
17.45 18.33
17.46 17.89
17.47 17.45
17.48 17.45
17.49 17.89
17.5 17.45
17.51 17.45
17.52 17.45
17.53 17.89
17.54 17.45
17.55 17.45
17.56 17.45
17.57 17.45
17.58 17.45
17.59 17.45
17.6 17.45
17.61 17.02
17.62 17.02
17.63 17.45
17.64 17.45
17.65 17.02
17.66 17.45
17.67 17.45
17.68 17.02
17.69 17.45
17.7 17.02
17.71 17.02
17.72 17.45
17.73 17.02
17.74 17.02
17.75 17.02
17.76 16.58
17.77 17.02
17.78 17.02
17.79 16.58
17.8 16.58
17.81 16.58
17.82 16.58
17.83 16.58
17.84 16.58
17.85 16.58
17.86 16.14
17.87 16.58
17.88 16.14
17.89 16.14
17.9 16.58
17.91 16.14
17.92 16.14
17.93 16.14
17.94 16.14
17.95 16.14
17.96 15.71
17.97 16.14
17.98 16.14
17.99 16.14
18.0 16.14
18.01 15.71
18.02 16.14
18.03 16.14
18.04 15.71
18.05 16.14
18.06 16.14
18.07 15.71
18.08 16.14
18.09 15.71
18.1 15.71
18.11 15.71
18.12 15.71
18.13 15.71
18.14 15.71
18.15 15.71
18.16 15.27
18.17 15.71
18.18 15.27
18.19 15.27
18.2 15.27
18.21 15.27
18.22 15.27
18.23 15.27
18.24 15.27
18.25 14.84
18.26 14.84
18.27 15.27
18.28 14.84
18.29 14.84
18.3 14.84
18.31 14.84
18.32 14.84
18.33 14.84
18.34 14.84
18.35 14.4
18.36 14.4
18.37 14.84
18.38 14.84
18.39 14.4
18.4 14.84
18.41 14.84
18.42 14.4
18.43 14.84
18.44 14.4
18.45 14.84
18.46 14.4
18.47 14.84
18.48 14.4
18.49 14.4
18.5 14.4
18.51 14.4
18.52 14.4
18.53 14.4
18.54 14.4
18.55 14.4
18.56 13.96
18.57 14.4
18.58 13.96
18.59 14.4
18.6 13.96
18.61 13.96
18.62 13.96
18.63 13.96
18.64 13.96
18.65 13.53
18.66 13.96
18.67 13.53
18.68 13.53
18.69 13.53
18.7 13.53
18.71 13.53
18.72 13.53
18.73 13.53
18.74 13.09
18.75 13.09
18.76 13.53
18.77 13.09
18.78 13.53
18.79 13.09
18.8 13.53
18.81 13.09
18.82 13.53
18.83 13.09
18.84 13.53
18.85 13.09
18.86 13.09
18.87 13.53
18.88 13.09
18.89 13.09
18.9 13.53
18.91 13.09
18.92 13.09
18.93 13.09
18.94 13.09
18.95 13.09
18.96 13.09
18.97 13.09
18.98 13.09
18.99 13.09
19.0 12.65
19.01 13.09
19.02 12.65
19.03 12.65
19.04 13.09
19.05 12.65
19.06 12.65
19.07 12.22
19.08 12.65
19.09 12.65
19.1 12.22
19.11 12.22
19.12 12.22
19.13 12.22
19.14 12.22
19.15 12.22
19.16 12.22
19.17 11.78
19.18 12.22
19.19 12.22
19.2 11.78
19.21 11.78
19.22 12.22
19.23 11.78
19.24 11.78
19.25 11.78
19.26 11.78
19.27 11.78
19.28 11.78
19.29 11.78
19.3 11.78
19.31 11.78
19.32 11.78
19.33 11.78
19.34 11.34
19.35 11.78
19.36 11.78
19.37 11.78
19.38 11.78
19.39 11.34
19.4 11.78
19.41 11.78
19.42 11.78
19.43 11.34
19.44 11.78
19.45 11.34
19.46 11.34
19.47 11.78
19.48 11.34
19.49 11.34
19.5 11.78
19.51 11.34
19.52 11.34
19.53 11.34
19.54 11.34
19.55 11.34
19.56 10.91
19.57 11.34
19.58 11.34
19.59 10.91
19.6 10.91
19.61 10.91
19.62 10.91
19.63 10.91
19.64 10.47
19.65 10.91
19.66 10.91
19.67 10.47
19.68 10.91
19.69 10.47
19.7 10.47
19.71 10.47
19.72 10.47
19.73 10.04
19.74 10.47
19.75 10.47
19.76 10.47
19.77 10.04
19.78 10.47
19.79 10.04
19.8 10.47
19.81 10.04
19.82 10.04
19.83 10.04
19.84 10.04
19.85 10.04
19.86 10.47
19.87 10.04
19.88 10.04
19.89 10.04
19.9 10.04
19.91 10.04
19.92 10.04
19.93 8.29
19.94 -0.44
19.95 -0.87
19.96 -0.44
19.97 -0.44
19.98 -0.87
19.99 -0.44
20.0 -0.44
20.01 -0.44
20.02 -0.44
20.03 -0.44
20.04 -0.44
20.05 -0.44
20.06 -0.44
20.07 0.0
20.08 0.0
20.09 -0.87
20.1 -0.44
20.11 -0.44
20.12 -0.44
20.13 -0.44
20.14 -0.44
20.15 -0.44
20.16 -0.44
20.17 0.0
20.18 -0.44
20.19 -0.44
20.2 0.0
20.21 -0.87
20.22 -0.44
20.23 -0.44
20.24 -0.44
20.25 -0.44
20.26 -0.44
20.27 -0.44
20.28 -0.44
20.29 -0.44
20.3 -0.44
20.31 -0.44
20.32 -0.44
20.33 -0.87
20.34 -0.87
20.35 -0.44
20.36 -0.87
20.37 -0.44
20.38 -0.87
20.39 -0.44
20.4 0.0
20.41 -0.44
20.42 -0.44
20.43 -0.87
20.44 -0.87
20.45 -0.87
20.46 -0.87
20.47 -1.31
20.48 -0.87
20.49 -0.87
20.5 -0.87
20.51 -0.87
20.52 -0.87
20.53 -0.87
20.54 -1.31
20.55 -0.44
20.56 -0.44
20.57 -0.44
20.58 -0.44
20.59 -0.44
20.6 -0.87
20.61 -0.44
20.62 -0.44
20.63 -0.44
20.64 -0.44
20.65 -0.44
20.66 -0.44
20.67 -0.44
20.68 -0.44
20.69 -0.44
20.7 0.0
20.71 -0.44
20.72 -0.44
20.73 -0.44
20.74 -0.44
20.75 -0.44
20.76 -0.44
20.77 0.0
20.78 -0.44
20.79 -0.44
20.8 0.0
20.81 -0.44
20.82 0.0
20.83 -0.44
20.84 -0.44
20.85 0.0
20.86 -0.44
20.87 0.0
20.88 0.0
20.89 -0.44
20.9 0.0
20.91 0.0
20.92 -0.44
20.93 -0.44
20.94 -0.44
20.95 -0.44
20.96 -0.44
20.97 -0.44
20.98 0.0
20.99 0.0
21.0 0.44
21.01 0.44
21.02 0.44
21.03 0.44
21.04 0.0
21.05 0.0
21.06 -0.87
21.07 -0.44
21.08 -0.44
21.09 -0.44
21.1 0.0
21.11 -0.44
21.12 0.0
21.13 0.0
21.14 0.0
21.15 0.44
21.16 0.0
21.17 0.0
21.18 0.0
21.19 -0.44
21.2 -0.44
21.21 -0.44
21.22 0.0
21.23 -0.44
21.24 0.0
21.25 0.0
21.26 0.44
21.27 0.0
21.28 0.0
21.29 0.0
21.3 -0.44
21.31 0.0
21.32 -0.44
21.33 0.0
21.34 -0.44
21.35 -0.44
21.36 0.0
21.37 -0.44
21.38 0.0
21.39 0.0
21.4 0.0
21.41 -0.44
21.42 0.0
21.43 0.0
21.44 -0.44
21.45 0.0
21.46 0.0
21.47 -0.44
21.48 0.0
21.49 0.0
21.5 -0.44
21.51 -0.44
21.52 0.0
21.53 0.0
21.54 -0.44
21.55 0.0
21.56 0.0
21.57 -0.44
21.58 0.0
21.59 0.0
21.6 0.0
21.61 -0.44
21.62 0.0
21.63 0.0
21.64 -0.44
21.65 0.0
21.66 0.0
21.67 -0.44
21.68 0.0
21.69 0.0
21.7 -0.44
21.71 0.0
21.72 -0.44
21.73 0.0
21.74 -0.44
21.75 0.0
21.76 0.0
21.77 0.0
21.78 0.44
21.79 0.0
21.8 0.44
21.81 0.87
21.82 1.75
21.83 2.62
21.84 6.11
21.85 12.65
21.86 20.51
21.87 35.34
21.88 44.51
21.89 45.81
21.9 45.81
21.91 45.38
21.92 45.38
21.93 45.38
21.94 44.51
21.95 44.51
21.96 44.51
21.97 44.51
21.98 44.07
21.99 44.07
22.0 43.63
22.01 43.63
22.02 43.63
22.03 43.2
22.04 43.63
22.05 43.2
22.06 42.76
22.07 42.76
22.08 43.2
22.09 42.76
22.1 42.76
22.11 42.32
22.12 42.76
22.13 42.32
22.14 42.32
22.15 41.89
22.16 41.89
22.17 41.89
22.18 41.89
22.19 41.89
22.2 41.89
22.21 41.45
22.22 41.45
22.23 41.45
22.24 41.02
22.25 41.45
22.26 40.58
22.27 41.02
22.28 41.02
22.29 40.58
22.3 40.58
22.31 40.14
22.32 40.58
22.33 40.14
22.34 40.14
22.35 40.58
22.36 40.14
22.37 40.14
22.38 39.71
22.39 39.71
22.4 39.71
22.41 39.71
22.42 39.27
22.43 39.27
22.44 39.27
22.45 39.27
22.46 38.83
22.47 39.27
22.48 38.83
22.49 39.27
22.5 38.83
22.51 38.83
22.52 38.83
22.53 38.83
22.54 38.4
22.55 38.4
22.56 38.4
22.57 37.96
22.58 38.4
22.59 37.52
22.6 37.52
22.61 37.96
22.62 37.96
22.63 37.52
22.64 37.52
22.65 37.52
22.66 37.52
22.67 37.52
22.68 37.52
22.69 37.09
22.7 37.09
22.71 37.09
22.72 37.09
22.73 37.09
22.74 36.65
22.75 37.09
22.76 36.65
22.77 36.65
22.78 36.65
22.79 36.22
22.8 36.22
22.81 36.22
22.82 36.65
22.83 36.22
22.84 36.22
22.85 36.22
22.86 36.22
22.87 36.22
22.88 35.78
22.89 35.78
22.9 35.78
22.91 35.78
22.92 35.34
22.93 35.78
22.94 35.34
22.95 35.34
22.96 35.34
22.97 34.91
22.98 35.34
22.99 34.91
23.0 35.34
23.01 34.91
23.02 34.91
23.03 34.91
23.04 34.91
23.05 34.91
23.06 34.91
23.07 34.47
23.08 34.47
23.09 34.47
23.1 34.03
23.11 34.47
23.12 34.03
23.13 34.03
23.14 34.03
23.15 34.03
23.16 34.03
23.17 34.03
23.18 33.6
23.19 34.03
23.2 34.03
23.21 33.6
23.22 33.6
23.23 33.6
23.24 33.16
23.25 33.6
23.26 33.16
23.27 33.16
23.28 33.16
23.29 33.16
23.3 33.16
23.31 32.72
23.32 32.72
23.33 33.16
23.34 32.72
23.35 32.72
23.36 32.72
23.37 32.72
23.38 32.29
23.39 32.72
23.4 32.72
23.41 32.29
23.42 32.29
23.43 32.29
23.44 32.29
23.45 32.29
23.46 31.85
23.47 31.85
23.48 31.85
23.49 31.85
23.5 31.85
23.51 31.85
23.52 31.42
23.53 31.85
23.54 31.42
23.55 31.85
23.56 31.42
23.57 31.42
23.58 31.42
23.59 31.42
23.6 31.42
23.61 30.98
23.62 31.42
23.63 30.98
23.64 30.98
23.65 30.98
23.66 30.98
23.67 30.54
23.68 30.98
23.69 30.54
23.7 30.54
23.71 30.54
23.72 30.54
23.73 30.54
23.74 30.11
23.75 30.54
23.76 30.54
23.77 30.11
23.78 30.54
23.79 30.11
23.8 30.11
23.81 30.11
23.82 30.11
23.83 30.11
23.84 29.67
23.85 30.11
23.86 29.67
23.87 29.67
23.88 29.67
23.89 29.23
23.9 29.67
23.91 29.23
23.92 29.67
23.93 29.23
23.94 29.23
23.95 29.23
23.96 29.23
23.97 29.23
23.98 29.23
23.99 28.8
24.0 29.23
24.01 28.8
24.02 28.8
24.03 29.23
24.04 28.8
24.05 28.36
24.06 28.8
24.07 28.36
24.08 28.36
24.09 28.36
24.1 28.36
24.11 28.36
24.12 27.93
24.13 28.36
24.14 27.93
24.15 28.36
24.16 27.93
24.17 27.93
24.18 27.93
24.19 28.36
24.2 27.93
24.21 27.93
24.22 27.49
24.23 27.93
24.24 27.93
24.25 27.49
24.26 27.49
24.27 27.93
24.28 27.05
24.29 27.49
24.3 27.49
24.31 27.05
24.32 27.49
24.33 27.05
24.34 27.05
24.35 27.05
24.36 27.05
24.37 26.62
24.38 27.05
24.39 26.62
24.4 27.05
24.41 26.62
24.42 26.62
24.43 27.05
24.44 26.62
24.45 26.62
24.46 26.62
24.47 26.62
24.48 26.62
24.49 26.18
24.5 26.62
24.51 26.18
24.52 26.18
24.53 26.18
24.54 26.18
24.55 25.74
24.56 26.18
24.57 25.74
24.58 25.74
24.59 26.18
24.6 25.74
24.61 25.31
24.62 25.74
24.63 25.74
24.64 25.74
24.65 25.31
24.66 25.74
24.67 25.31
24.68 25.74
24.69 25.31
24.7 25.31
24.71 25.74
24.72 25.31
24.73 24.87
24.74 25.31
24.75 25.31
24.76 24.87
24.77 24.87
24.78 24.87
24.79 24.87
24.8 24.87
24.81 24.87
24.82 24.43
24.83 24.87
24.84 24.43
24.85 24.43
24.86 24.43
24.87 24.43
24.88 24.43
24.89 24.43
24.9 24.43
24.91 24.0
24.92 24.0
24.93 24.43
24.94 24.0
24.95 24.43
24.96 24.0
24.97 24.43
24.98 24.0
24.99 24.0
25.0 23.56
25.01 24.0
25.02 24.0
25.03 23.56
25.04 23.56
25.05 23.56
25.06 23.56
25.07 23.56
25.08 23.13
25.09 23.56
25.1 23.13
25.11 23.13
25.12 23.13
25.13 23.13
25.14 23.13
25.15 23.13
25.16 23.13
25.17 23.13
25.18 23.13
25.19 23.13
25.2 23.13
25.21 22.69
25.22 23.13
25.23 22.69
25.24 23.13
25.25 22.69
25.26 22.69
25.27 22.69
25.28 22.69
25.29 22.25
25.3 22.25
25.31 22.25
25.32 22.25
25.33 22.25
25.34 22.25
25.35 22.25
25.36 21.82
25.37 22.25
25.38 21.82
25.39 22.25
25.4 21.82
25.41 21.82
25.42 21.82
25.43 21.82
25.44 21.82
25.45 21.82
25.46 21.82
25.47 21.82
25.48 21.82
25.49 21.38
25.5 21.82
25.51 21.38
25.52 21.38
25.53 21.38
25.54 21.82
25.55 21.38
25.56 21.38
25.57 20.94
25.58 21.38
25.59 20.94
25.6 21.38
25.61 20.94
25.62 20.94
25.63 20.94
25.64 20.94
25.65 20.51
25.66 20.94
25.67 20.94
25.68 20.51
25.69 20.51
25.7 20.94
25.71 20.51
25.72 20.51
25.73 20.51
25.74 20.51
25.75 20.51
25.76 20.51
25.77 20.51
25.78 20.51
25.79 20.51
25.8 20.07
25.81 20.51
25.82 20.07
25.83 20.51
25.84 20.07
25.85 20.07
25.86 20.07
25.87 19.63
25.88 20.07
25.89 20.07
25.9 19.63
25.91 20.07
25.92 19.63
25.93 19.63
25.94 19.63
25.95 19.63
25.96 19.63
25.97 19.2
25.98 19.63
25.99 19.63
26.0 19.2
26.01 19.2
26.02 19.63
26.03 19.2
26.04 19.2
26.05 19.2
26.06 19.2
26.07 19.2
26.08 19.2
26.09 19.2
26.1 19.2
26.11 19.2
26.12 19.2
26.13 19.2
26.14 19.2
26.15 18.76
26.16 19.2
26.17 18.76
26.18 18.76
26.19 18.76
26.2 18.76
26.21 18.76
26.22 18.76
26.23 18.76
26.24 18.33
26.25 18.33
26.26 18.76
26.27 18.33
26.28 18.33
26.29 18.33
26.3 18.33
26.31 17.89
26.32 18.33
26.33 18.33
26.34 17.89
26.35 18.33
26.36 17.89
26.37 17.89
26.38 18.33
26.39 17.89
26.4 17.89
26.41 18.33
26.42 17.89
26.43 17.89
26.44 17.89
26.45 17.89
26.46 17.89
26.47 17.89
26.48 17.89
26.49 17.89
26.5 17.89
26.51 17.45
26.52 17.89
26.53 17.45
26.54 17.45
26.55 17.45
26.56 17.45
26.57 17.45
26.58 17.45
26.59 17.02
26.6 17.45
26.61 17.02
26.62 17.02
26.63 17.02
26.64 17.02
26.65 17.02
26.66 17.02
26.67 17.02
26.68 16.58
26.69 17.02
26.7 16.58
26.71 17.02
26.72 16.58
26.73 17.02
26.74 16.58
26.75 16.58
26.76 16.58
26.77 17.02
26.78 16.58
26.79 16.58
26.8 16.58
26.81 16.58
26.82 16.58
26.83 16.14
26.84 16.58
26.85 16.58
26.86 16.58
26.87 16.58
26.88 16.14
26.89 16.14
26.9 16.58
26.91 16.14
26.92 16.14
26.93 16.14
26.94 16.14
26.95 15.71
26.96 16.14
26.97 15.71
26.98 16.14
26.99 15.71
27.0 15.71
27.01 15.71
27.02 15.71
27.03 15.71
27.04 15.71
27.05 15.27
27.06 15.71
27.07 15.71
27.08 15.27
27.09 15.71
27.1 15.27
27.11 15.27
27.12 15.71
27.13 15.27
27.14 15.27
27.15 15.27
27.16 15.71
27.17 15.27
27.18 15.27
27.19 15.27
27.2 15.27
27.21 15.27
27.22 15.27
27.23 15.27
27.24 15.27
27.25 15.27
27.26 14.84
27.27 15.27
27.28 14.84
27.29 14.84
27.3 15.27
27.31 14.84
27.32 14.84
27.33 14.84
27.34 14.4
27.35 14.84
27.36 14.4
27.37 14.4
27.38 14.4
27.39 14.4
27.4 14.4
27.41 14.4
27.42 14.4
27.43 14.4
27.44 13.96
27.45 14.4
27.46 14.4
27.47 13.96
27.48 13.96
27.49 13.96
27.5 13.96
27.51 13.96
27.52 13.96
27.53 13.96
27.54 13.96
27.55 13.96
27.56 13.96
27.57 13.96
27.58 13.96
27.59 13.96
27.6 13.96
27.61 13.96
27.62 13.96
27.63 13.96
27.64 13.96
27.65 13.53
27.66 13.96
27.67 13.96
27.68 13.53
27.69 13.96
27.7 13.53
27.71 13.96
27.72 13.53
27.73 13.53
27.74 13.53
27.75 13.53
27.76 13.53
27.77 13.09
27.78 13.53
27.79 13.09
27.8 13.53
27.81 13.09
27.82 13.09
27.83 13.09
27.84 13.09
27.85 13.09
27.86 12.65
27.87 13.09
27.88 12.65
27.89 13.09
27.9 12.65
27.91 12.65
27.92 12.65
27.93 12.65
27.94 12.65
27.95 12.65
27.96 12.65
27.97 12.65
27.98 12.65
27.99 12.22
28.0 12.65
28.01 12.65
28.02 12.22
28.03 12.65
28.04 12.65
28.05 12.22
28.06 12.65
28.07 12.22
28.08 12.65
28.09 12.22
28.1 12.65
28.11 12.22
28.12 12.65
28.13 12.22
28.14 12.22
28.15 12.65
28.16 12.22
28.17 12.22
28.18 12.22
28.19 12.22
28.2 12.22
28.21 12.22
28.22 11.78
28.23 12.22
28.24 11.78
28.25 11.78
28.26 11.78
28.27 11.78
28.28 11.78
28.29 11.78
28.3 11.78
28.31 11.78
28.32 11.34
28.33 11.78
28.34 11.34
28.35 11.78
28.36 11.34
28.37 11.34
28.38 11.34
28.39 11.34
28.4 11.34
28.41 10.91
28.42 11.34
28.43 10.91
28.44 10.91
28.45 10.91
28.46 11.34
28.47 10.91
28.48 10.91
28.49 10.91
28.5 11.34
28.51 10.91
28.52 10.91
28.53 10.91
28.54 10.91
28.55 10.91
28.56 10.91
28.57 10.91
28.58 10.91
28.59 10.91
28.6 10.91
28.61 10.47
28.62 10.91
28.63 10.91
28.64 10.91
28.65 10.91
28.66 10.91
28.67 10.91
28.68 10.47
28.69 10.91
28.7 10.91
28.71 10.47
28.72 10.91
28.73 10.47
28.74 10.91
28.75 10.47
28.76 10.47
28.77 10.47
28.78 10.47
28.79 10.04
28.8 10.47
28.81 10.47
28.82 10.47
28.83 10.04
28.84 10.47
28.85 10.04
28.86 10.04
28.87 10.04
28.88 10.04
28.89 10.04
28.9 10.04
28.91 10.04
28.92 9.6
28.93 10.04
28.94 9.6
28.95 9.6
28.96 9.6
28.97 9.6
28.98 9.6
28.99 9.6
29.0 9.16
29.01 9.6
29.02 9.6
29.03 9.16
29.04 9.6
29.05 9.16
29.06 9.6
29.07 9.16
29.08 9.16
29.09 9.6
29.1 9.16
29.11 9.16
29.12 9.16
29.13 9.16
29.14 9.16
29.15 8.73
29.16 7.85
29.17 7.42
29.18 7.42
29.19 7.42
29.2 7.42
29.21 7.42
29.22 7.42
29.23 7.42
29.24 6.98
29.25 6.54
29.26 6.54
29.27 6.11
29.28 5.67
29.29 3.05
29.3 1.31
29.31 -0.44
29.32 -1.75
29.33 -1.75
29.34 -2.18
29.35 -0.87
29.36 -0.87
29.37 -0.87
29.38 -0.87
29.39 -0.87
29.4 -1.31
29.41 -2.18
29.42 -3.05
29.43 -4.36
29.44 -4.8
29.45 -3.93
29.46 -2.62
29.47 -2.18
29.48 -1.31
29.49 -0.44
29.5 -0.87
29.51 -1.75
29.52 -2.18
29.53 -2.62
29.54 -1.75
29.55 -1.75
29.56 -0.87
29.57 -0.87
29.58 -0.44
29.59 -0.44
29.6 0.0
29.61 -0.44
29.62 -0.87
29.63 -0.87
29.64 -1.31
29.65 -1.31
29.66 -1.31
29.67 -1.31
29.68 -0.87
29.69 -0.87
29.7 -0.87
29.71 -0.87
29.72 -0.87
29.73 -1.31
29.74 -1.31
29.75 -1.31
29.76 -1.31
29.77 -1.31
29.78 -1.31
29.79 -1.31
29.8 -0.87
29.81 -0.87
29.82 -0.87
29.83 -0.44
29.84 -0.87
29.85 0.0
29.86 -0.44
29.87 0.0
29.88 -0.44
29.89 0.0
29.9 0.0
29.91 0.0
29.92 -0.44
29.93 0.0
29.94 0.0
29.95 0.0
29.96 -0.44
29.97 0.0
29.98 0.0
29.99 0.0
30.0 0.0
30.01 0.44
30.02 0.0
30.03 0.44
30.04 0.0
30.05 0.0
30.06 0.0
30.07 -0.44
30.08 0.0
30.09 0.0
30.1 -0.44
30.11 0.0
30.12 -0.44
30.13 0.0
30.14 -0.87
30.15 -0.44
30.16 -0.44
30.17 -0.44
30.18 -0.44
30.19 0.0
30.2 -0.44
30.21 0.0
30.22 -0.44
30.23 0.0
30.24 -0.44
30.25 0.0
30.26 -0.44
30.27 -0.44
30.28 0.0
30.29 -0.44
30.3 -0.44
30.31 0.0
30.32 -0.44
30.33 -0.44
30.34 0.0
30.35 0.0
30.36 -0.44
30.37 0.0
30.38 -0.44
30.39 0.0
30.4 0.0
30.41 0.0
30.42 0.0
30.43 0.87
30.44 2.18
30.45 4.36
30.46 10.91
30.47 16.14
30.48 23.13
30.49 33.16
30.5 41.02
30.51 41.45
30.52 41.45
30.53 41.45
30.54 41.45
30.55 41.45
30.56 41.45
30.57 41.02
30.58 41.02
30.59 41.02
30.6 40.58
30.61 40.58
30.62 40.14
30.63 40.14
30.64 40.58
30.65 40.14
30.66 40.14
30.67 40.14
30.68 40.14
30.69 40.14
30.7 39.71
30.71 39.71
30.72 39.27
30.73 39.71
30.74 39.27
30.75 39.27
30.76 38.83
30.77 38.83
30.78 38.83
30.79 38.83
30.8 38.83
30.81 38.83
30.82 38.83
30.83 38.83
30.84 38.4
30.85 38.83
30.86 38.4
30.87 38.4
30.88 38.4
30.89 37.96
30.9 37.96
30.91 37.96
30.92 37.96
30.93 37.52
30.94 37.52
30.95 37.52
30.96 37.52
30.97 37.52
30.98 37.52
30.99 37.52
31.0 37.52
31.01 37.09
31.02 37.52
31.03 37.09
31.04 37.09
31.05 37.09
31.06 36.65
31.07 36.65
31.08 36.65
31.09 36.65
31.1 36.65
31.11 36.22
31.12 36.22
31.13 36.22
31.14 36.22
31.15 36.22
31.16 36.22
31.17 36.22
31.18 36.22
31.19 35.78
31.2 36.22
31.21 35.78
31.22 35.78
31.23 35.78
31.24 35.34
31.25 35.34
31.26 35.34
31.27 34.91
31.28 35.34
31.29 35.34
31.3 34.91
31.31 34.91
31.32 34.91
31.33 35.34
31.34 34.91
31.35 34.91
31.36 34.91
31.37 34.47
31.38 34.91
31.39 34.47
31.4 34.47
31.41 34.47
31.42 34.47
31.43 34.03
31.44 34.47
31.45 34.03
31.46 34.03
31.47 34.03
31.48 34.03
31.49 33.6
31.5 33.6
31.51 34.03
31.52 33.6
31.53 34.03
31.54 33.6
31.55 33.6
31.56 33.6
31.57 33.16
31.58 33.6
31.59 33.16
31.6 33.16
31.61 33.16
31.62 33.16
31.63 32.72
31.64 33.16
31.65 32.72
31.66 32.72
31.67 32.72
31.68 32.72
31.69 32.72
31.7 32.72
31.71 32.29
31.72 32.72
31.73 32.29
31.74 32.29
31.75 32.29
31.76 32.29
31.77 31.85
31.78 32.29
31.79 31.85
31.8 31.85
31.81 31.85
31.82 31.85
31.83 31.85
31.84 31.42
31.85 31.85
31.86 31.42
31.87 31.42
31.88 31.42
31.89 31.85
31.9 31.42
31.91 31.42
31.92 30.98
31.93 31.42
31.94 31.42
31.95 30.98
31.96 30.98
31.97 30.98
31.98 30.98
31.99 30.54
32.0 30.54
32.01 30.54
32.02 30.11
32.03 30.54
32.04 30.54
32.05 30.11
32.06 30.54
32.07 30.11
32.08 30.11
32.09 30.11
32.1 30.54
32.11 30.11
32.12 30.11
32.13 29.67
32.14 30.11
32.15 29.67
32.16 30.11
32.17 29.67
32.18 29.67
32.19 29.23
32.2 29.23
32.21 29.23
32.22 29.23
32.23 29.23
32.24 29.23
32.25 29.23
32.26 29.23
32.27 28.8
32.28 28.8
32.29 29.23
32.3 28.8
32.31 29.23
32.32 28.8
32.33 28.8
32.34 28.8
32.35 28.8
32.36 28.8
32.37 28.36
32.38 28.8
32.39 28.36
32.4 28.36
32.41 28.36
32.42 28.36
32.43 28.36
32.44 27.93
32.45 28.36
32.46 27.93
32.47 27.93
32.48 27.93
32.49 27.93
32.5 27.93
32.51 27.93
32.52 27.49
32.53 27.93
32.54 27.93
32.55 27.49
32.56 27.93
32.57 27.49
32.58 27.49
32.59 27.49
32.6 27.49
32.61 27.05
32.62 27.49
32.63 27.05
32.64 27.49
32.65 27.05
32.66 27.05
32.67 26.62
32.68 27.05
32.69 26.62
32.7 27.05
32.71 26.62
32.72 26.62
32.73 27.05
32.74 26.62
32.75 26.62
32.76 26.62
32.77 26.62
32.78 26.62
32.79 26.18
32.8 26.18
32.81 26.62
32.82 26.18
32.83 26.18
32.84 26.18
32.85 26.18
32.86 26.18
32.87 26.18
32.88 25.74
32.89 25.74
32.9 25.74
32.91 25.74
32.92 25.74
32.93 25.74
32.94 25.74
32.95 25.31
32.96 25.74
32.97 25.31
32.98 25.31
32.99 25.74
33.0 25.31
33.01 25.31
33.02 25.31
33.03 25.31
33.04 25.31
33.05 25.31
33.06 25.31
33.07 24.87
33.08 24.87
33.09 25.31
33.1 24.87
33.11 24.43
33.12 24.87
33.13 24.87
33.14 24.43
33.15 24.43
33.16 24.87
33.17 24.43
33.18 24.43
33.19 24.0
33.2 24.0
33.21 24.43
33.22 24.0
33.23 24.43
33.24 24.43
33.25 24.0
33.26 24.43
33.27 24.0
33.28 24.0
33.29 24.0
33.3 24.0
33.31 24.0
33.32 24.0
33.33 24.0
33.34 23.56
33.35 23.56
33.36 24.0
33.37 23.56
33.38 23.13
33.39 23.13
33.4 23.56
33.41 23.13
33.42 23.56
33.43 23.13
33.44 23.13
33.45 23.13
33.46 23.13
33.47 23.13
33.48 23.13
33.49 22.69
33.5 23.13
33.51 23.13
33.52 22.69
33.53 23.13
33.54 22.69
33.55 23.13
33.56 22.69
33.57 22.69
33.58 22.69
33.59 22.69
33.6 22.69
33.61 22.69
33.62 22.25
33.63 22.69
33.64 22.25
33.65 22.25
33.66 22.25
33.67 22.25
33.68 21.82
33.69 22.25
33.7 21.82
33.71 22.25
33.72 21.82
33.73 21.82
33.74 21.82
33.75 21.82
33.76 21.82
33.77 21.82
33.78 21.82
33.79 21.82
33.8 21.38
33.81 21.82
33.82 21.82
33.83 21.38
33.84 21.82
33.85 21.38
33.86 21.82
33.87 21.38
33.88 21.38
33.89 21.38
33.9 21.38
33.91 20.94
33.92 21.38
33.93 20.94
33.94 20.94
33.95 21.38
33.96 20.94
33.97 20.51
33.98 20.94
33.99 20.94
34.0 20.51
34.01 20.94
34.02 20.51
34.03 20.51
34.04 20.94
34.05 20.51
34.06 20.51
34.07 20.51
34.08 20.51
34.09 20.51
34.1 20.51
34.11 20.51
34.12 20.51
34.13 20.51
34.14 20.07
34.15 20.51
34.16 20.07
34.17 20.51
34.18 20.07
34.19 20.07
34.2 20.07
34.21 20.07
34.22 20.07
34.23 20.07
34.24 19.63
34.25 20.07
34.26 19.63
34.27 19.63
34.28 19.63
34.29 19.63
34.3 19.63
34.31 19.63
34.32 19.2
34.33 19.63
34.34 19.2
34.35 19.63
34.36 19.2
34.37 19.2
34.38 19.2
34.39 19.63
34.4 19.2
34.41 19.2
34.42 19.2
34.43 19.2
34.44 19.2
34.45 19.2
34.46 19.2
34.47 19.2
34.48 19.2
34.49 18.76
34.5 18.76
34.51 18.76
34.52 19.2
34.53 18.76
34.54 18.76
34.55 18.76
34.56 18.76
34.57 18.33
34.58 18.76
34.59 18.33
34.6 18.76
34.61 18.33
34.62 18.33
34.63 18.33
34.64 18.33
34.65 17.89
34.66 18.33
34.67 18.33
34.68 17.89
34.69 18.33
34.7 17.89
34.71 17.89
34.72 17.89
34.73 17.89
34.74 18.33
34.75 17.89
34.76 17.89
34.77 17.89
34.78 17.89
34.79 17.89
34.8 17.89
34.81 17.89
34.82 17.89
34.83 17.89
34.84 17.45
34.85 17.45
34.86 17.45
34.87 17.89
34.88 17.45
34.89 17.45
34.9 17.45
34.91 17.45
34.92 17.02
34.93 17.45
34.94 17.02
34.95 17.45
34.96 17.02
34.97 17.02
34.98 17.02
34.99 17.02
35.0 17.02
35.01 16.58
35.02 17.02
35.03 17.02
35.04 16.58
35.05 17.02
35.06 16.58
35.07 16.58
35.08 17.02
35.09 16.58
35.1 16.58
35.11 17.02
35.12 16.58
35.13 16.58
35.14 17.02
35.15 16.58
35.16 16.58
35.17 16.58
35.18 16.58
35.19 16.58
35.2 16.14
35.21 16.58
35.22 16.58
35.23 16.14
35.24 16.14
35.25 16.58
35.26 16.14
35.27 16.14
35.28 15.71
35.29 16.14
35.3 16.14
35.31 15.71
35.32 16.14
35.33 15.71
35.34 15.71
35.35 15.71
35.36 15.71
35.37 15.71
35.38 15.71
35.39 15.27
35.4 15.71
35.41 15.27
35.42 15.71
35.43 15.27
35.44 15.27
35.45 15.71
35.46 15.27
35.47 15.27
35.48 15.27
35.49 15.27
35.5 15.71
35.51 15.27
35.52 15.27
35.53 15.27
35.54 15.27
35.55 15.27
35.56 15.27
35.57 15.27
35.58 14.84
35.59 15.27
35.6 15.27
35.61 14.84
35.62 15.27
35.63 14.84
35.64 14.84
35.65 14.84
35.66 14.84
35.67 14.84
35.68 14.84
35.69 14.4
35.7 14.84
35.71 14.4
35.72 14.4
35.73 14.4
35.74 14.4
35.75 14.4
35.76 14.4
35.77 14.4
35.78 13.96
35.79 14.4
35.8 13.96
35.81 14.4
35.82 13.96
35.83 13.96
35.84 13.96
35.85 14.4
35.86 13.96
35.87 13.96
35.88 13.96
35.89 13.96
35.9 13.96
35.91 13.96
35.92 13.96
35.93 13.96
35.94 13.53
35.95 13.96
35.96 13.96
35.97 13.96
35.98 13.96
35.99 13.53
36.0 13.96
36.01 13.96
36.02 13.53
36.03 13.96
36.04 13.53
36.05 13.53
36.06 13.53
36.07 13.53
36.08 13.53
36.09 13.53
36.1 13.53
36.11 13.09
36.12 13.53
36.13 13.09
36.14 13.09
36.15 13.53
36.16 13.09
36.17 13.09
36.18 12.65
36.19 13.09
36.2 13.09
36.21 12.65
36.22 13.09
36.23 12.65
36.24 12.65
36.25 12.65
36.26 12.65
36.27 12.65
36.28 12.65
36.29 12.65
36.3 12.65
36.31 12.65
36.32 12.22
36.33 12.65
36.34 12.22
36.35 12.22
36.36 12.65
36.37 12.22
36.38 12.65
36.39 12.22
36.4 12.65
36.41 12.22
36.42 12.65
36.43 12.22
36.44 12.22
36.45 12.65
36.46 12.22
36.47 12.22
36.48 12.65
36.49 12.22
36.5 12.22
36.51 12.22
36.52 12.22
36.53 12.22
36.54 12.22
36.55 11.78
36.56 12.22
36.57 11.78
36.58 12.22
36.59 11.78
36.6 11.78
36.61 11.78
36.62 11.78
36.63 11.78
36.64 11.78
36.65 11.78
36.66 11.34
36.67 11.78
36.68 11.34
36.69 11.34
36.7 11.34
36.71 11.34
36.72 11.34
36.73 11.34
36.74 11.34
36.75 11.34
36.76 10.91
36.77 11.34
36.78 10.91
36.79 11.34
36.8 10.91
36.81 11.34
36.82 10.91
36.83 10.91
36.84 10.91
36.85 10.91
36.86 10.91
36.87 10.91
36.88 10.91
36.89 10.91
36.9 10.91
36.91 10.91
36.92 10.91
36.93 10.91
36.94 10.91
36.95 10.91
36.96 10.91
36.97 10.47
36.98 10.91
36.99 10.91
37.0 10.91
37.01 10.91
37.02 10.47
37.03 10.91
37.04 10.91
37.05 10.47
37.06 10.91
37.07 10.47
37.08 10.47
37.09 10.91
37.1 10.47
37.11 10.47
37.12 10.47
37.13 10.47
37.14 10.47
37.15 10.47
37.16 10.47
37.17 10.04
37.18 10.47
37.19 10.04
37.2 10.04
37.21 10.04
37.22 10.47
37.23 9.6
37.24 10.04
37.25 10.04
37.26 10.04
37.27 9.6
37.28 10.04
37.29 9.6
37.3 9.6
37.31 9.6
37.32 9.6
37.33 9.6
37.34 9.6
37.35 9.6
37.36 9.6
37.37 9.6
37.38 9.16
37.39 9.6
37.4 9.16
37.41 9.6
37.42 9.16
37.43 9.16
37.44 9.6
37.45 9.16
37.46 9.16
37.47 9.16
37.48 9.16
37.49 9.16
37.5 9.16
37.51 9.6
37.52 9.16
37.53 8.73
37.54 8.73
37.55 9.16
37.56 9.16
37.57 8.73
37.58 9.16
37.59 9.16
37.6 9.16
37.61 9.16
37.62 9.16
37.63 9.16
37.64 9.16
37.65 9.16
37.66 9.16
37.67 9.16
37.68 8.73
37.69 9.16
37.7 9.16
37.71 8.73
37.72 9.16
37.73 8.73
37.74 9.16
37.75 8.73
37.76 8.73
37.77 8.73
37.78 8.73
37.79 8.73
37.8 8.73
37.81 8.73
37.82 8.29
37.83 8.73
37.84 8.73
37.85 8.29
37.86 8.29
37.87 8.73
37.88 8.29
37.89 8.29
37.9 8.29
37.91 8.29
37.92 8.29
37.93 7.85
37.94 8.29
37.95 8.29
37.96 7.85
37.97 7.85
37.98 8.29
37.99 7.85
38.0 7.85
38.01 7.85
38.02 7.85
38.03 7.85
38.04 7.42
38.05 7.85
38.06 7.85
38.07 7.42
38.08 7.85
38.09 7.42
38.1 7.42
38.11 7.85
38.12 7.42
38.13 7.42
38.14 7.42
38.15 7.42
38.16 7.42
38.17 7.42
38.18 7.42
38.19 7.42
38.2 7.42
38.21 7.42
38.22 6.98
38.23 7.42
38.24 7.42
38.25 7.42
38.26 7.42
38.27 6.98
38.28 7.42
38.29 7.42
38.3 6.98
38.31 7.42
38.32 7.42
38.33 7.42
38.34 6.98
38.35 7.42
38.36 7.42
38.37 6.98
38.38 7.42
38.39 7.42
38.4 6.98
38.41 7.42
38.42 7.42
38.43 6.98
38.44 7.42
38.45 7.42
38.46 6.98
38.47 7.42
38.48 6.98
38.49 7.42
38.5 6.98
38.51 6.98
38.52 7.42
38.53 6.98
38.54 6.98
38.55 6.98
38.56 6.98
38.57 6.98
38.58 6.98
38.59 6.98
38.6 6.98
38.61 6.98
38.62 6.54
38.63 6.98
38.64 6.54
38.65 6.98
38.66 6.54
38.67 6.54
38.68 6.54
38.69 6.54
38.7 6.54
38.71 6.54
38.72 6.11
38.73 6.54
38.74 6.54
38.75 6.11
38.76 6.11
38.77 6.54
38.78 6.11
38.79 6.11
38.8 6.11
38.81 6.11
38.82 6.11
38.83 5.67
38.84 6.11
38.85 6.11
38.86 5.67
38.87 5.67
38.88 6.11
38.89 5.67
38.9 5.67
38.91 5.67
38.92 5.67
38.93 5.67
38.94 5.67
38.95 5.67
38.96 5.67
38.97 5.24
38.98 5.67
38.99 5.24
39.0 5.67
39.01 5.24
39.02 5.24
39.03 5.67
39.04 5.24
39.05 5.24
39.06 5.24
39.07 5.24
39.08 5.24
39.09 5.24
39.1 5.24
39.11 5.24
39.12 4.8
39.13 5.24
39.14 5.24
39.15 4.8
39.16 5.24
39.17 5.24
39.18 4.8
39.19 5.24
39.2 4.8
39.21 5.24
39.22 4.8
39.23 5.24
39.24 4.8
39.25 5.24
39.26 4.8
39.27 5.24
39.28 4.8
39.29 5.24
39.3 4.8
39.31 5.24
39.32 4.8
39.33 5.24
39.34 4.8
39.35 5.24
39.36 4.8
39.37 4.8
39.38 5.24
39.39 4.8
39.4 5.24
39.41 4.8
39.42 5.24
39.43 4.8
39.44 5.24
39.45 4.8
39.46 5.24
39.47 4.8
39.48 4.8
39.49 5.24
39.5 4.8
39.51 5.24
39.52 4.8
39.53 4.8
39.54 5.24
39.55 4.8
39.56 4.8
39.57 5.24
39.58 4.8
39.59 4.8
39.6 4.8
39.61 4.8
39.62 4.36
39.63 4.8
39.64 4.8
39.65 4.8
39.66 4.8
39.67 4.8
39.68 4.8
39.69 4.8
39.7 4.36
39.71 4.8
39.72 4.36
39.73 4.8
39.74 4.36
39.75 4.8
39.76 4.36
39.77 4.36
39.78 4.36
39.79 4.36
39.8 4.36
39.81 4.36
39.82 4.36
39.83 4.36
39.84 3.93
39.85 4.36
39.86 3.93
39.87 4.36
39.88 3.93
39.89 3.93
39.9 3.93
39.91 3.93
39.92 3.93
39.93 3.93
39.94 3.93
39.95 3.49
39.96 3.93
39.97 3.49
39.98 3.93
39.99 3.49
40.0 3.49
40.01 3.93
40.02 3.49
40.03 3.49
40.04 3.05
40.05 3.49
40.06 3.49
40.07 3.49
40.08 3.05
40.09 3.05
40.1 3.49
40.11 3.05
40.12 3.05
40.13 3.05
40.14 3.49
40.15 3.05
40.16 3.05
40.17 3.05
40.18 2.62
40.19 3.05
40.2 3.05
40.21 2.62
40.22 3.05
40.23 2.62
40.24 2.62
40.25 3.05
40.26 2.62
40.27 2.62
40.28 2.62
40.29 2.62
40.3 2.62
40.31 2.18
40.32 2.62
40.33 2.62
40.34 2.18
40.35 2.62
40.36 2.18
40.37 2.62
40.38 2.18
40.39 2.18
40.4 2.18
40.41 2.62
40.42 2.18
40.43 2.18
40.44 1.75
40.45 2.18
40.46 2.18
40.47 2.18
40.48 1.75
40.49 2.18
40.5 2.18
40.51 1.75
40.52 1.75
40.53 2.18
40.54 1.75
40.55 1.75
40.56 1.75
40.57 2.18
40.58 1.75
40.59 1.75
40.6 1.75
40.61 1.31
40.62 1.75
40.63 1.75
40.64 1.75
40.65 1.31
40.66 1.75
40.67 1.75
40.68 1.31
40.69 1.75
40.7 1.31
40.71 1.31
40.72 1.75
40.73 1.31
40.74 1.31
40.75 1.31
40.76 1.31
40.77 1.31
40.78 1.31
40.79 1.31
40.8 1.31
40.81 1.31
40.82 1.31
40.83 1.31
40.84 1.31
40.85 0.87
40.86 1.31
40.87 1.31
40.88 0.87
40.89 1.31
40.9 0.87
40.91 1.31
40.92 0.87
40.93 1.31
40.94 0.87
40.95 0.87
40.96 1.31
40.97 0.87
40.98 0.87
40.99 0.87
41.0 0.87
41.01 0.87
41.02 1.31
41.03 0.87
41.04 0.87
41.05 0.87
41.06 0.87
41.07 0.44
41.08 0.87
41.09 0.87
41.1 0.87
41.11 0.87
41.12 0.87
41.13 0.44
41.14 0.87
41.15 0.87
41.16 0.44
41.17 0.87
41.18 0.44
41.19 0.87
41.2 0.87
41.21 0.44
41.22 0.87
41.23 0.44
41.24 0.87
41.25 0.44
41.26 0.44
41.27 0.87
41.28 0.44
41.29 0.44
41.3 0.87
41.31 0.44
41.32 0.44
41.33 0.44
41.34 0.87
41.35 0.44
41.36 0.44
41.37 0.44
41.38 0.44
41.39 0.44
41.4 0.44
41.41 0.44
41.42 0.44
41.43 0.44
41.44 0.44
41.45 0.44
41.46 0.44
41.47 0.44
41.48 0.44
41.49 0.44
41.5 0.44
41.51 0.44
41.52 0.44
41.53 0.44
41.54 0.0
41.55 0.44
41.56 0.44
41.57 0.44
41.58 0.0
41.59 0.44
41.6 0.44
41.61 0.44
41.62 0.0
41.63 0.44
41.64 0.44
41.65 0.0
41.66 0.44
41.67 0.44
41.68 0.0
41.69 0.44
41.7 0.0
41.71 0.44
41.72 0.0
41.73 0.44
41.74 0.0
41.75 0.44
41.76 0.0
41.77 0.44
41.78 0.0
41.79 0.44
41.8 0.0
41.81 0.44
41.82 0.0
41.83 0.44
41.84 0.0
41.85 0.0
41.86 0.44
41.87 0.0
41.88 0.0
41.89 0.44
41.9 0.0
41.91 0.0
41.92 0.44
41.93 0.0
41.94 0.0
41.95 0.0
41.96 0.44
41.97 0.0
41.98 0.0
41.99 0.0
42.0 0.44
42.01 0.0
42.02 0.0
42.03 0.0
42.04 0.44
42.05 0.0
42.06 0.0
42.07 0.0
42.08 0.44
42.09 0.0
42.1 0.0
42.11 0.44
42.12 0.0
42.13 0.0
42.14 0.0
42.15 0.0
42.16 0.0
42.17 0.0
42.18 0.0
42.19 0.0
42.2 0.0
42.21 0.0
42.22 0.44
42.23 0.0
42.24 0.0
42.25 0.0
42.26 0.0
42.27 0.0
42.28 0.0
42.29 0.0
42.3 0.0
42.31 0.0
42.32 0.0
42.33 0.0
42.34 0.0
42.35 0.0
42.36 0.0
42.37 0.0
42.38 0.0
42.39 0.0
42.4 0.0
42.41 0.0
42.42 0.0
42.43 0.0
42.44 0.0
42.45 0.0
42.46 0.0
42.47 0.0
42.48 0.0
42.49 0.0
42.5 0.0
42.51 0.0
42.52 0.0
42.53 0.0
42.54 0.0
42.55 0.44
42.56 0.0
42.57 0.0
42.58 0.0
42.59 0.0
42.6 0.0
42.61 0.0
42.62 0.0
42.63 0.0
42.64 0.0
42.65 0.0
42.66 0.0
42.67 0.0
42.68 0.0
42.69 0.0
42.7 0.44
42.71 0.0
42.72 0.0
42.73 0.0
42.74 0.0
42.75 0.0
42.76 0.0
42.77 0.0
42.78 0.0
42.79 0.0
42.8 0.0
42.81 0.0
42.82 0.0
42.83 0.0
42.84 0.0
42.85 0.0
42.86 0.0
42.87 0.0
42.88 0.0
42.89 0.0
42.9 0.0
42.91 0.0
42.92 0.0
42.93 0.0
42.94 0.0
42.95 0.0
42.96 0.0
42.97 0.0
42.98 0.0
42.99 0.0
43.0 0.0
43.01 0.0
43.02 0.0
43.03 0.0
43.04 0.0
43.05 0.0
43.06 0.0
43.07 0.0
43.08 0.0
43.09 0.0
43.1 0.44
43.11 0.0
43.12 0.0
43.13 0.0
43.14 0.0
43.15 0.0
43.16 0.0
43.17 0.0
43.18 0.0
43.19 0.0
43.2 0.0
43.21 0.0
43.22 0.0
43.23 0.0
43.24 0.0
43.25 0.0
43.26 0.0
43.27 0.0
43.28 0.0
43.29 0.0
43.3 0.0
43.31 0.0
43.32 0.0
43.33 0.0
43.34 0.0
43.35 0.0
43.36 0.0
43.37 0.0
43.38 0.0
43.39 0.0
43.4 0.0
43.41 0.0
43.42 0.0
43.43 0.0
43.44 0.0
43.45 0.0
43.46 0.0
43.47 0.0
43.48 0.0
43.49 0.0
43.5 0.0
43.51 0.0
43.52 0.0
43.53 0.0
43.54 0.0
43.55 0.0
43.56 0.0
43.57 0.0
43.58 0.0
43.59 0.0
43.6 0.0
43.61 0.0
43.62 0.0
43.63 0.0
43.64 0.0
43.65 0.0
43.66 -0.44
43.67 0.0
43.68 0.0
43.69 0.44
43.7 0.0
43.71 0.0
43.72 0.44
43.73 0.0
43.74 0.0
43.75 0.0
43.76 0.0
43.77 0.0
43.78 0.0
43.79 0.0
43.8 0.0
43.81 0.0
43.82 0.0
43.83 0.0
43.84 0.0
43.85 0.0
43.86 0.0
43.87 0.0
43.88 0.0
43.89 0.0
43.9 0.0
43.91 0.0
43.92 0.0
43.93 0.0
43.94 0.0
43.95 0.0
43.96 0.44
43.97 0.0
43.98 0.0
43.99 0.0
44.0 0.0
44.01 0.0
44.02 0.0
44.03 0.0
44.04 0.0
44.05 0.0
44.06 0.0
44.07 0.0
44.08 0.0
44.09 0.0
44.1 0.0
44.11 0.0
44.12 0.0
44.13 0.0
44.14 0.0
44.15 0.0
44.16 0.0
44.17 0.0
44.18 0.0
44.19 0.0
44.2 0.0
44.21 0.0
44.22 0.0
44.23 0.0
44.24 0.0
44.25 0.0
44.26 0.0
44.27 0.0
44.28 0.0
44.29 0.0
44.3 0.0
44.31 0.0
44.32 0.0
44.33 0.0
44.34 0.0
44.35 0.0
44.36 0.0
44.37 0.0
44.38 0.0
44.39 0.0
44.4 0.0
44.41 0.0
44.42 0.0
44.43 0.0
44.44 0.0
44.45 0.0
44.46 0.0
44.47 0.0
44.48 0.0
44.49 0.0
44.5 0.44
44.51 0.0
44.52 0.0
44.53 0.0
44.54 0.0
44.55 0.0
44.56 0.0
44.57 0.0
44.58 0.0
44.59 0.0
44.6 0.0
44.61 0.0
44.62 0.0
44.63 0.0
44.64 0.44
44.65 0.0
44.66 0.0
44.67 0.0
44.68 0.0
44.69 0.0
44.7 0.0
44.71 0.0
44.72 0.0
44.73 0.0
44.74 0.0
44.75 0.0
44.76 0.0
44.77 0.0
44.78 0.0
44.79 0.0
44.8 0.0
44.81 0.0
44.82 0.0
44.83 0.0
44.84 0.0
44.85 0.0
44.86 0.0
44.87 0.0
44.88 0.0
44.89 0.0
44.9 0.0
44.91 0.0
